#Exercise 2.2
#a)
a <- 3^(2) * 4^(1/8)
#b)
b <- a/2.33
#c)
c <- -8.2 * 10^(-13)
#d)
c*b

