#Exercise 2.5
#a)
a <- c(2,0.5,1,2,0.5,1,2,0.5,1)
a <- c(1,1,1)
#b)
b1 <- c(45,77,20,19,101,212)
b2 <- (b1 - 32)*5/9
#c)
c1 <- rep(c(1,2),each=3)
c2 <- c(2,4,6)
c3 <- c2*c1
c3
#d)
d <- c3
d[2:5] <- c(-0.1,100)
